2500 3500 90;
5150 -0.249749 -0.249749;
3340 0 0;
4430 -0.221016 -0.221016;
2620 0 0;
1620 -0.3 0.3;
1700 0 0;
3770 0.3 -0.3;
1970 0 0;
3620 0.240908 0.276271;
2160 0 0;
5810 -0.124918 -0.218541;
9870 -0.218806 0.232067;
6220 0.170183 0.161342;
2690 0.26743 0.209966;
8860 0.218806 0.0110508;
2890 0.382358 0.258589;
11420 -0.439823 0.369097;
3000 0 0 diago;
2720 0.439823 0.0685151;
2420 0.27185 -0.27185;
1890 0 0;
2790 -0.254374 -0.254374;
3000 0 0 fond;
8460 0.0154711 0.324894;
1120 0.439823 0.143661;
3670 0.338155 -0.108298;
3160 0.393432 0.283327;
3000 0 0 centre;
6250 -0.439823 -0.0729354;
1970 -0.302792 0.302792 ;
7330 0.382358 0.382358;
14000 0.214651 -0.214651 ;
3000 0 0 boite;
27800 0.439823 -0.439823;
3000 0 0;
