2500 3500 90;
5150 -0.249749 -0.249749;
3340 0 0;
4790 -0.221016 -0.221016;
2620 0 0;
1620 -0.3 0.3;
1700 0 0;
3770 0.3 -0.3;
1970 0 0;
4390 0.240908 0.276271;
2160 0 0;
5810 -0.124918 -0.218541;
9870 -0.218806 0.232067;
7570 0.170183 0.161342 ;
5030 0.26743 0.209966 ;
9180 0.218806 0.0110508;
1870 0.382358 0.258589 ;
11420 -0.439823 0.369097;
3000 0 0 diago;
2720 0.439823 0.0685151;
2010 0.27185 -0.27185;
1890 0 0;
2790 -0.298372 -0.298372;
3000 0 0 fond;
10360 0.0154711 0.324894 ;
3590 0.439823 0.165762 ;
3680 0.338155 -0.108298 ;
2380 0.40888 0.391199;
3000 0 0 centre;
6020 -0.439823 -0.0729354 ;
2460 -0.302792 0.302792;
7570 0.382358 0.382358 ;
14510 0.214651 -0.214651;
3000 0 0 boite;
29170 0.439823 -0.439823;
3000 0 0;
