3000 3500 90;
5150 -0.249749 -0.249749;
3340 0 0;
4320 -0.221016 -0.221016;
2620 0 0;
1620 -0.3 0.3;
1700 0 0;
3770 0.3 -0.3;
1970 0 0;
3690 0.240908 0.276271;
2160 0 0;
5120 -0.124918 -0.218541;
10350 -0.218806 0.232067;
5010 0.170183 0.161342;
2000 0.26743 0.209966;
10090 0.218806 0.0110508;
4200 0.350002 0.439823;
9880 -0.427755 0.439248;
4050 0 0 diago;
2720 0.439823 0.0685151;
2470 0.27185 -0.27185;
1890 0 0;
3510 -0.439823 -0.428507;
3000 0 0 fond;
7820 0.0881413 0.436507;
2950 0.439823 0.224508;
3000 0.364677 -0.0817761;
3080 0.401366 0.439823;
3000 0 0 centre;
6250 -0.439823 -0.0729354;
1670 -0.289531 0.289531 ;
8850 0.407864 0.407864;
13980 0.214386 -0.214386;
3000 0 0 boite;
27790 0.439823 -0.439823;
3000 0 0;
